start=1621.913000
volume=73.000000
